------------------------------------------------------------------------------------------------
#006

Carrier pos:
69548.19,-6790.61,-94375.56:0.6890,0.6794,-0.2523,3.2849

Ore:
Lithium 409.729
07:40

undock
69481.53,-6781.18,-94326.69:0.6894,0.6793,-0.2516,3.2859
11,6,22:.6884,.6787,-.2559,3.2857
22,13,43:.6869,.6801,-.2561,3.2712
33,9,66:.759,.65,-.0374,3.6888
42,0,87:.7613,.6478,-.0282,3.6414
33,1,110:.7269,.6473,.2294,2.5446
30.89,-6.04,132.51:0.6261,0.7329,0.2661,2.2159:21.90,-14.28:30
49,1,111:.626,.733,.2661,2.2164
71,-2,98:.5126,.8501,.1204,2.1041
66,-8,74:-.3537,.2031,-.9131,1.8781
51,-9,54:-.3026,.247,-.9206,1.7847
36,-10,33:-.2851,.2596,-.9227,1.7835
22,-9,13:-.2833,.2609,-.9229,1.7836
8,-9,-8:-.2781,.2628,-.9239,1.7847
dock
------------------------------------------------------------------------------------------------
#007

Carrier pos:
74096.67,-4215.50,-94126.29:-0.4995,0.7855,-0.3653,1.8497

Ore:
Lithium 409.729
16:22

undock
74094.15,-4259.04,-94055.42:-0.4995,0.7855,-0.3652,1.8517
-24,-6,5:-.5601,.7616,-.326,1.7445
-46,-17,4:-.6699,.6952,-.2607,1.5323
-68,-30,3:-.6914,.6882,-.2198,1.6258
-90,-41,6:-.6454,.7236,-.2447,1.8073
-113,-51,10:-.6372,.7294,-.2489,1.8398
-136,-61,15:-.6378,.7294,-.2472,1.844
-159,-71,19:-.638,.7294,-.2468,1.845
-182,-80,24:-.6415,.7282,-.241,1.8505
-203,-91,32:-.6814,.7159,-.1524,2.0233
-216,-105,49:.7739,-.604,-.1904,3.5058
-227,-117,67:.783,-.5789,-.2276,3.3012
-238.31,-113.93,91.36:0.7796,-0.5666,-0.2667,3.2562:29.54,-18.78:40
-239,-112,63:.7793,-.5662,-.2685,3.2552
-235,-99,42:.7797,-.5662,-.2674,3.2536
-243,-89,20:.7799,-.5663,-.2666,3.2525
-237,-75,0:.3882,.6697,-.6331,3.9158
-214,-64,0:.3866,.6664,-.6375,3.9745
-192,-53,0:.3901,.6659,-.6359,3.9798
-168,-44,0:.4274,.667,-.6103,4.0137
-145,-35,1:.436,.6668,-.6043,4.0219
-121,-27,2:.4375,.6669,-.6032,4.023
-97,-19,3:.4409,.6667,-.6009,4.0265
-73,-11,4:.4077,.709,-.5754,4.1141
-49,-4,5:.4033,.7141,-.5722,4.1241
-25,4,7:.4095,.713,-.5692,4.1353
-1,10,7:-.4579,-.6967,.5522,2.0618
dock
------------------------------------------------------------------------------------------------
#008

Carrier pos:
71884.35,2598.54,-96709.19:0.1342,-0.6220,0.7715,3.0061

Ore:
Iron
22:18

undock
71904.65,2631.08,-96635.38:0.1333,-0.6224,0.7712,3.0049
-5,24,6:-.2301,.7827,-.5783,3.1559
-13,47,13:-.252,.763,-.5953,3.1322
-21,69,21:-.3231,.7425,-.5868,3.1789
-33,89,31:-.4466,.7325,-.5139,3.0633
-48,104,46:.668,-.6223,.4081,3.2881
-63,115,62:.7039,-.6021,.3769,3.3455
-79,124,79:.6926,-.6116,.3824,3.3119
-95,133,97:-.6427,.6679,-.3753,2.9549
-110,143,114:-.6391,.6705,-.3769,2.9477
-125,152,132:-.6391,.6802,-.359,2.9872
-131,162,154:-.6396,.7551,-.1439,3.3529
-123,172,176:-.6208,.784,.0001,3.5812
-115,182,197:-.6199,.7846,.0065,3.4544
-111,195,218:-.586,.7822,.2117,3.4456
-119.02,212.24,226.38:-0.5854,0.7813,0.2165,3.4530:24.84,-17.52:42.5
-129,199,201:-.5854,.7813,.2165,3.453
-142,199,179:.7599,-.5763,-.3006,3.1664
-131,187,160:-.8317,-.1332,.539,1.5973
-116,168,153:-.8338,-.1298,.5367,1.5973
-101,149,146:-.8341,-.1292,.5363,1.5973
-87,129,140:-.8344,-.1287,.5359,1.5973
-72,110,133:-.8346,-.1283,.5356,1.5973
-58,90,127:-.8349,-.1273,.5355,1.5961
-47,68,122:-.8369,-.1271,.5325,1.601
-38,45,118:-.838,-.128,.5305,1.6058
-27,22,113:-.8383,-.1282,.5299,1.6071
-13,2,107:-.8385,-.1283,.5296,1.6079
1,-17,101:-.8387,-.1284,.5293,1.6087
16,-37,95:-.8388,-.1285,.529,1.6094
31,-56,88:-.8389,-.1286,.5288,1.6099
46,-76,82:-.8382,-.1297,.5296,1.6104
67,-87,73:-.3618,-.5402,.7598,2.0837
58,-68,59:.2032,-.5249,.8265,3.1857
49,-47,50:.1916,-.532,.8248,3.1674
43,-24,42:.141,-.5655,.8126,3.0864
38,0,34:.1348,-.5738,.8079,3.0752
31,23,27:.1388,-.5785,.8038,3.0797
7,27,31:.134,-.5763,.8062,3.0733
-4,16,11:.1292,-.5767,.8067,3.0663
dock
------------------------------------------------------------------------------------------------
#009

Carrier pos:
68136.86,6452.91,-101541.27:0.1716,-0.3529,0.9198,3.7501

Ore:
Lead 132.333
Uranium 1.598.250
15:16

undock
68095.51,6508.84,-101495.74:0.1723,-0.3526,0.9198,3.7508
-18,7,-16:.3508,-.3056,.8852,3.8702
-37,13,-31:.3597,-.3113,.8796,3.8674
-56,19,-46:.362,-.315,.8773,3.8645
-75,26,-61:.3616,-.3166,.8769,3.8627
-97,30,-51:.9738,-.1357,.1827,3.129
-106,31,-28:.9742,-.1341,.1814,3.1314
-117,34,-5:.9654,-.1379,.2212,3.0826
-128,38,17:.9618,-.1447,.2323,3.0152
-138,44,39:.9599,-.1521,.2357,2.9493
-150.45,40.34,36.24:0.9597,-0.1524,0.2360,2.9459:14.50,-14.28:42.5
-128,35,17:.9591,-.1522,.2388,2.9448
-119,25,-4:.9623,-.0817,.2593,3.4955
-128,7,-18:-.9058,.0281,-.4227,2.0529
-146,-11,-18:-.904,.0316,-.4263,2.0568
-161,-30,-13:-.9033,.0393,-.4272,2.0792
-177,-49,-7:.9041,-.0555,.4238,4.1461
-194,-41,10:.8076,-.3472,.4767,3.2819
-208,-32,29:.9171,-.3055,.2559,2.6901
-214.41,-26.34,44.15:0.9792,-0.1913,0.0679,2.7176:22.11,-14.67:42.5
-207,-52,-3:.9793,-.1961,.051,2.6931
-190,-54,-21:-.6384,-.4059,.654,2.8324
-166,-47,-17:.6625,.3975,-.6349,3.4867
-142,-41,-13:.6634,.3973,-.6341,3.4879
-118,-34,-9:.6645,.3975,-.6328,3.4882
-94,-28,-5:.6652,.3976,-.632,3.4882
-70,-21,-1:.6659,.398,-.631,3.4879
-47,-14,3:.6669,.3982,-.6299,3.488
-23,-8,8:.6675,.3983,-.6291,3.4881
1,-1,12:.6681,.3985,-.6284,3.4881
25,5,16:.665,.3994,-.631,3.4839
dock
------------------------------------------------------------------------------------------------
#010

Carrier pos:
72946.67,1403.09,-104990.07:-0.6927,-0.0403,0.7201,1.7045

Ore:
(none)
29:37

undock
73011.56,1404.02,-104938.06:-0.6924,-0.0404,0.7203,1.7045
13,18,-12:-.0567,-.5538,.8307,2.2167
25,36,-24:-.0494,-.5731,.818,2.2389
41,52,-15:.318,.9087,-.2703,3.8029
72.30,50.21,-20.98:0.3561,0.9255,-0.1291,3.6728:36.94,-21.49:42.5
38,60,-33:.3559,.9255,-.1297,3.6707
33,77,-51:.0764,-.6174,.7829,2.6518
38,101,-57:.0747,-.6376,.7668,2.6551
43,125,-62:.0749,-.6408,.764,2.6566
47,149,-67:.0739,-.6457,.76,2.6565
56,172,-70:-.0054,.7233,-.6905,3.7076
73,175,-52:.8199,.5365,-.1999,3.5972
85,172,-30:.8139,.5452,-.201,3.4841
99.59,161.81,-11.46:0.8114,0.5481,-0.2032,3.4543:14.22,-21.94:42.5
84,173,-36:.8108,.549,-.2031,3.4438
72,173,-57:.8105,.5491,-.2039,3.4432
59,170,-79:.9436,.3009,-.1384,3.6856
38,161,-88:-.8377,.5397,.0836,1.9926
29,139,-77:-.8519,.514,.1,2.0178
21,118,-67:-.8509,.5156,.1007,2.0175
12,97,-56:-.8503,.5165,.1012,2.0173
4,76,-46:-.8498,.5173,.1016,2.0171
-5,55,-35:-.8492,.5181,.102,2.017
-14,33,-25:-.8489,.5186,.1022,2.0169
-22,12,-15:-.8521,.5095,.1201,1.9997
-22,-13,-10:-.7253,.0361,.6875,1.7449
dock
------------------------------------------------------------------------------------------------
#011

Carrier pos:
82764.30,3181.01,-87675.82:0.7085,0.6000,-0.3714,3.1154

Ore:
Uranium 1.446

undock
82701.35,3210.74,-87630.20:0.7085,0.6008,-0.3703,3.1128
1,19,16:.5907,.7442,-.3119,2.2959
-17,35,23:.4357,.8931,-.1118,1.8447
-36,50,30:.427,.8988,-.0994,1.8362
-54,67,35:.4078,.9106,-.0667,1.8719
-70,86,40:.3972,.9165,-.0484,1.9006
-90,100,47:.3942,.918,-.0434,1.9076
-111,110,56:.3787,.9254,-.0143,2.0054
-131,117,68:.352,.9355,.0319,2.1364
-152,123,81:.3451,.9372,.0514,2.0239
-148.62,134.39,109.23:0.3041,0.9457,0.1151,2.0569:18.06,-30.35:40
-138,124,77:.3047,.9456,.1141,2.0572
-116,121,66:.3047,.9456,.1141,2.0572
-94,119,54:.1832,.9826,.0319,2.0251
-80,100,44:-.6528,-.4622,-.6002,1.853
-79,76,38:-.6913,-.4688,-.5499,1.6793
-74,52,32:-.7142,-.4828,-.5068,1.7497
-55,38,22:-.7212,-.4846,-.495,1.7772
-47,15,17:-.7371,-.4589,-.4961,1.8408
1,19,16:.5907,.7442,-.3119,2.2959
dock
------------------------------------------------------------------------------------------------
#001

Carrier pos:
70849.98,-2965.29,-99905.65:0.4333,0.1537,-0.8881,1.3918

Ore:
Iron 409.729
06:56

undock
70776.42,-2973.41,-99943.65:0.4336,0.1557,-0.8876,1.3914
4,14,-21:.4344,.1555,-.8872,1.392
7,28,-41:.4395,.2387,-.866,1.3831
5,43,-61:.3534,.4151,-.8383,1.3206
1,58,-81:.3467,.42,-.8387,1.3162
-4,73,-100:.3443,.4186,-.8404,1.3137
-9,88,-120:.3402,.4201,-.8413,1.3107
-14,103,-139:.3128,.4537,-.8345,1.2984
-26,114,-159:.0204,.638,-.7698,1.2092
-45,115,-175:-.4934,.7296,-.4735,1.3002
-68.89,130.24,-192.41:-0.6514,0.7006,-0.2912,1.4928:29.10,-6.28:30
-42,133,-190:-.6501,.7017,-.2916,1.4971
-18,137,-185:-.9638,.0746,-.256,1.7878
-11,130,-162:.5928,.7668,.2461,3.5714
-10,114,-142:.5874,.7706,.2471,3.5665
-9,99,-122:.5864,.7713,.2473,3.5656
-8,84,-103:.5852,.7722,.2475,3.5645
-6,68,-83:.5843,.7728,.2477,3.5638
-5,53,-63:.5838,.7732,.2478,3.5632
-4,37,-44:.5834,.7734,.2479,3.5629
-3,22,-24:.5831,.7736,.2479,3.5627
-1,6,-5:.583,.7737,.248,3.5625
0,-9,15:.5829,.7738,.248,3.5624
dock
------------------------------------------------------------------------------------------------
#002

Carrier pos:
66574.17,-8253.39,-94490.79:-0.3154,0.9422,0.1128,4.1382

Ore:
Tungsten 409.729
09:32

undock
66616.63,-8319.56,-94518.02:-0.3151,0.9423,0.1132,4.1362
23,9,3:.357,-.9337,.028,1.6111
47,18,4:.3487,-.9364,.0389,1.5878
70,28,5:.3474,-.9369,.0384,1.5865
93,38,5:.3466,-.9372,.0379,1.5858
116,47,5:.3458,-.9376,.0372,1.5866
140,57,6:.3434,-.9386,.0345,1.591
163,66,6:.3463,-.9373,.0384,1.5698
186,76,7:.3346,-.9421,.0233,1.6359
210,84,10:.3103,-.9506,-.0067,1.7484
234,91,15:.2939,-.9555,-.0268,1.8186
256,81,18:-.1514,-.8379,-.5243,1.9413
272,62,15:-.2233,-.7869,-.5753,2.0329
282,39,11:.3107,.6767,.6676,4.1555
299.46,35.54,2.83:0.3674,0.6290,0.6851,4.0609:14.40,-21.69:30
285,58,13:.3662,.6284,.6863,4.0636
277,80,22:.1101,.8328,.5425,2.8258
253,83,16:-.0169,.9618,.2731,1.5551
229,76,14:-.0179,.9585,.2845,1.5486
204,69,12:-.0194,.958,.2863,1.5493
180,61,9:-.0221,.9577,.287,1.556
156,54,7:.0218,.9439,.3295,1.5868
133,46,4:.0312,.9405,.3385,1.5939
109,39,2:.0323,.939,.3424,1.5934
85,31,-1:.0244,.9338,.3569,1.5766
61,23,-4:.0227,.9326,.3601,1.5726
38,15,-7:.0224,.9324,.3608,1.5718
14,7,-10:.022,.9323,.3611,1.5719
-10,-1,-14:.0214,.9321,.3616,1.5724
-33,-9,-17:.0205,.932,.3618,1.5742
-11,-3,-6:-.3736,.9206,.114,4.1728
dock
------------------------------------------------------------------------------------------------
#003

Carrier pos:
77645.48,-6908.64,-88695.15:0.4216,-0.2210,-0.8794,1.8559

Ore:
Uranium 409.729
12:30

undock
77596.52,-6888.37,-88759.30:0.4227,-0.2202,-0.8791,1.8558
17,2,-18:.3245,-.2874,-.9012,1.9048
31,-6,-38:.0516,-.395,-.9172,2.0767
37,-22,-56:.0986,.4342,.8954,4.0843
42,-40,-73:.1151,.4376,.8918,4.0688
58,-58,-80:.1241,.3722,.9198,3.9241
54.90,-48.91,-108.99:0.3324,-0.2523,0.9088,3.6009:37.71,-10.04:30
85,-65,-26:.8597,.4948,.1266,2.2255
64,-54,-16:.8611,.4938,.1214,2.237
46,-46,-1:.8662,.4884,.1059,2.2419
29,-35,14:.8787,.4723,.0694,2.2029
17,-17,28:.9163,.3534,-.1884,1.9472
dock
------------------------------------------------------------------------------------------------
#004

Carrier pos:
77223.39,-4675.63,-98130.10:0.0946,0.1815,-0.9788,1.3066

Ore:
Lithium 132.333
05:48

undock
77143.45,-4695.60,-98141.34:0.0952,0.1830,-0.9785,1.3070
-3,6,-24:.0952,.183,-.9785,1.307
-6,11,-49:.094,.1814,-.9789,1.3066
-8,17,-73:.0878,.1798,-.9798,1.305
-11,22,-98:.0857,.1783,-.9802,1.3043
-14,27,-122:.0846,.1844,-.9792,1.3048
-17,34,-147:.1027,.2227,-.9695,1.3146
-21,42,-170:.1708,.3212,-.9315,1.3577
-27,55,-191:.2776,.4625,-.842,1.467
-33,71,-209:.2976,.4886,-.8202,1.4955
-40,88,-226:.3281,.5289,-.7827,1.5457
-48,110,-236:.4247,.7149,-.5555,1.8412
-69,117,-224:.1634,.9863,-.0244,2.1595
-90,121,-210:.1644,.986,-.0266,2.1561
-109,130,-197:.1585,.9872,-.0166,2.119
-102.17,157.52,-167.32:0.1590,0.9871,-0.0193,2.0410:27.99,-20.60:30
-92,144,-200:.16,.9869,-.021,2.0384
-69,136,-205:.4282,.8803,.2041,2.8368
-55,122,-190:.6087,.7848,.1167,3.6784
-49,110,-168:.6102,.783,.1208,3.6642
-42,98,-147:.6103,.7828,.1212,3.6629
-36,86,-126:.6104,.7827,.1215,3.6621
-29,74,-105:.6105,.7826,.1217,3.6614
-23,62,-84:.6106,.7824,.1226,3.6623
-17,49,-62:.6107,.7821,.1241,3.6629
-11,37,-41:.6107,.782,.1245,3.6642
-5,25,-21:.6112,.7812,.1271,3.6618
2,13,1:.6112,.7811,.1275,3.6621
8,1,21:.611,.7814,.1271,3.6652
dock
------------------------------------------------------------------------------------------------
#005

Carrier pos:
77937.93,-2127.82,-94122.26:0.4251,0.8512,-0.3078,3.0767

Ore:
Uranium 409.729
19:24

undock
77880.25,-2156.28,-94069.49:0.4247,0.8511,-0.3086,3.0752
-17,8,-16:.0409,.7279,-.6845,1.6353
-35,22,-27:.0009,.744,-.6682,1.6137
-56,33,-36:-.0975,.8076,-.5817,1.6297
-79,43,-42:-.1393,.8443,-.5175,1.6866
-103,50,-43:-.2233,.8934,-.3899,1.797
-127,55,-43:-.2386,.8924,-.3831,1.7701
-152,59,-43:-.2425,.8915,-.3827,1.7597
-177,63,-43:-.2471,.8907,-.3817,1.7489
-202,67,-42:-.2575,.8909,-.3741,1.7401
-227,70,-42:-.2738,.8918,-.3601,1.7322
-252,68,-41:-.4631,.8704,-.167,1.6951
-272,53,-36:-.6339,.7693,.0801,1.8841
-289,35,-37:-.6521,.7516,.0994,2.0774
-309,20,-34:-.6675,.7367,.1084,2.3592
-328,7,-24:.696,-.6851,-.215,3.691
-329,-11,-7:.701,-.6692,-.2464,3.6433
-340.58,-17.02,11.12:0.7051,-0.6903,-0.1626,3.5855:29.04,-21.47:40
-329,1,-45:.7051,-.6902,-.1626,3.585
-327,14,-66:.7052,-.6899,-.1637,3.5855
-318,22,-88:-.8874,-.3214,.3306,2.0191
-296,34,-90:.4945,.6488,-.5784,4.1267
-271,38,-89:.4996,.6486,-.5742,4.1301
-246,41,-88:.5381,.6516,-.5346,4.1368
-221,41,-84:.5936,.6472,-.4784,4.1588
-196,40,-79:.6043,.6461,-.4663,4.1614
-172,39,-75:-.5691,-.687,.4519,2.0831
-146,39,-73:-.5712,-.7101,.4118,2.0854
-121,39,-74:.5952,.7103,-.3758,4.1884
-97,36,-69:.6105,.7095,-.3519,4.1787
-73,32,-60:.6244,.7101,-.3255,4.1547
-51,27,-51:.6431,.7076,-.2928,4.1385
-30,21,-39:.6727,.7023,-.2329,4.0976
-10,11,-27:-.7156,-.6784,.1663,2.0913
10,0,-16:-.7184,-.6756,.1655,2.0609
dock
